<!DOCTYPE html><html lang="en"><head><title>Help for package UdderQuarterInfectionData</title>
<meta http-equiv="Content-Type" content="text/html; charset=utf-8" />
<meta name="viewport" content="width=device-width, initial-scale=1.0, user-scalable=yes" />
<link href="https://cdnjs.cloudflare.com/ajax/libs/prism/1.29.0/themes/prism.min.css" rel="stylesheet" />
<link rel="stylesheet" href="https://cdn.jsdelivr.net/npm/katex@0.15.3/dist/katex.min.css">
<script type="text/javascript">
const macros = { "\\R": "\\textsf{R}", "\\code": "\\texttt"};
function processMathHTML() {
    var l = document.getElementsByClassName('reqn');
    for (let e of l) { katex.render(e.textContent, e, { throwOnError: false, macros }); }
    return;
}</script>
<script defer src="https://cdn.jsdelivr.net/npm/katex@0.15.3/dist/katex.min.js"
    onload="processMathHTML();"></script>
<link rel="stylesheet" type="text/css" href="R-nav.css" />
</head><body><div class="container"><nav class="package" aria-label="Topic Navigation">
<div class="dropdown-menu">
<h1>Package {UdderQuarterInfectionData}</h1>
<h2>Contents</h2>
<ul class="menu">
<li><a href='#UdderQuarterInfectionData'><p>Udder Quarter Infection Data</p></a></li>
<li><a href='#Gamma_Frailty_Interval_Censoring'><p>Gamma Frailty Interval Censoring</p></a></li>
<li><a href='#udderquarterinfection'><p>Udder Quarter Infection Data</p></a></li>
</ul>
</div>
<hr>
</nav>
<main>
<table role='presentation'>
<tr>
<td>Type:</td>
<td>Package</td>
</tr>
<tr>
<td>Title:</td>
<td>Udder Quarter Infection Data</td>
</tr>
<tr>
<td>Version:</td>
<td>1.0.0</td>
</tr>
<tr>
<td>Date:</td>
<td>2017-09-06</td>
</tr>
<tr>
<td>Author:</td>
<td>Hans Laevens, Luc Duchateau, Klara Goethals, Ewoud De Troyer and Paul Janssen</td>
</tr>
<tr>
<td>Maintainer:</td>
<td>Luc Duchateau &lt;Luc.Duchateau@ugent.be&gt;</td>
</tr>
<tr>
<td>Description:</td>
<td>The udder quarter infection data set contains infection times of individual cow udder quarters with Corynebacterium bovis (Laevens et al. 1997 &lt;<a href="https://doi.org/10.3168%2Fjds.S0022-0302%2897%2976295-7">doi:10.3168/jds.S0022-0302(97)76295-7</a>&gt;). Obviously, the four udder quarters are clustered within a cow, and udder quarters are sampled only approximately monthly, generating interval-censored data. The data set contains both covariates that change within a cow (e.g., front and rear udder quarters) and covariates that change between cows (e.g., parity [the number of previous calvings]). The correlation between udder infection times within a cow also is of interest, because this is a measure of the infectivity of the agent causing the disease. Various models have been applied to address the problem of interdependence for right-censored event times. These models, as applied to this data set, can be found back in the publications found in the reference list.</td>
</tr>
<tr>
<td>License:</td>
<td><a href="https://www.r-project.org/Licenses/GPL-3">GPL-3</a></td>
</tr>
<tr>
<td>Encoding:</td>
<td>UTF-8</td>
</tr>
<tr>
<td>LazyData:</td>
<td>true</td>
</tr>
<tr>
<td>RoxygenNote:</td>
<td>6.0.1</td>
</tr>
<tr>
<td>Imports:</td>
<td>stats, utils</td>
</tr>
<tr>
<td>NeedsCompilation:</td>
<td>no</td>
</tr>
<tr>
<td>Packaged:</td>
<td>2017-09-06 14:44:15 UTC; lucp8394</td>
</tr>
<tr>
<td>Repository:</td>
<td>CRAN</td>
</tr>
<tr>
<td>Date/Publication:</td>
<td>2017-09-06 15:53:42 UTC</td>
</tr>
</table>
<hr>
<h2 id='UdderQuarterInfectionData'>Udder Quarter Infection Data</h2><span id='topic+UdderQuarterInfectionData'></span><span id='topic+UdderQuarterInfectionData-package'></span>

<h3>Description</h3>

<p>This package is built up around a data set consisting of clustered infection times in the four udder quarters of cows.
Due to the special structure of these data, i.e., quadruples of four clustered event times, thye have been used to develop
new techniques in the area of multivariate survival data (see references). This package avails the data on which the analyses
presented in the papers were based, and also, where possible, provides the R-code to fit the proposed models.
</p>


<h3>Author(s)</h3>

<p>Hans Laevens
</p>
<p>Luc Duchateau
</p>
<p>Klara Goethals
</p>
<p>Ewoud de Troyer
</p>
<p>Paul Janssen
</p>


<h3>References</h3>

<p>Laevens, H., Deluyker, H., Schukken, Y.H., De Meulemeester, L., Vandermeersch, R., De Muelenaere, E. and De Kruif, A. (1997). Influence of parity and stage of lactation on the somatic cell count in bacteriologically negative dairy cows. Journal of Dairy Science 80, 3219-3226.
</p>
<p>Massonnet, G., Janssen, P. and Duchateau, L. (2009). Modelling udder infection data using copula models for quadruples. Journal of Statistical Planning and Inference 139, 3865-3877.
</p>
<p>Goethals, K., Ampe, B., Berkvens, D., Laevens, H., Janssen, P. and Duchateau, L. (2009). Modeling interval-censored, clustered cow udder quarter infection times through the shared gamma frailty model. Journal of Agricultural Biological and Environmental Statistics 14, 1-14.
</p>
<p>Janssen, P. and Duchateau, L. (2011). Comments on: Inference in multivariate Archimedean copula models. Test 20, 271-275.
</p>
<p>Ampe, B., Goethals, K., Laevens, H. and Duchateau, L. (2012). Investigating clustering in interval-censored udder quarter infection times in dairy cows using a gamma frailty model. Preventive Veterinary Medicine 106, 251-257.
</p>
<p>Kuhn, E., Goethals, K., El-Nouty, C. and Duchateau, L. (2016). Assessing the correlation structure in cow udder quarter infection times through extensions of the correlated frailty model. Journal of Agricultural Biological and Environmental Statistics 21, 601-618.
</p>
<p>Geerdens, C., Claeskens, G., Janssen, P. (2016). Copula based flexible modeling of associations between clustered event times. Lifetime data analysis 22, 363-381.
</p>
<p>Verbelen, R., Antonio, K. and Claeskens, G. (2016). Multivariate mixtures of Erlangs for density estimation under censoring. Lifetime data analysis 22, 429-455.
</p>
<p>Prenen, L., Duchateau, L. and Braekers, R. (2018). Investigating the correlation structure of quadrivariate udder infection times through hierarchical Archimedean copulas. Accepted for publication in Lifetime Data Analysis.
</p>

<hr>
<h2 id='Gamma_Frailty_Interval_Censoring'>Gamma Frailty Interval Censoring</h2><span id='topic+Gamma_Frailty_Interval_Censoring'></span>

<h3>Description</h3>

<p>Application of the Gamma Frailty Interval Censoring Model on the Udder Quarter Infection Data Set. For more information see Details.
</p>


<h3>Usage</h3>

<pre><code class='language-R'>Gamma_Frailty_Interval_Censoring(print.level = 2)
</code></pre>


<h3>Arguments</h3>

<table role = "presentation">
<tr><td><code id="Gamma_Frailty_Interval_Censoring_+3A_print.level">print.level</code></td>
<td>
<p>Parameter of <code><a href="stats.html#topic+nlm">nlm</a></code> (default=2): this argument determines the level of printing which is done during the minimization process. The default value of 0 means that no printing occurs, a value of 1 means that initial and final details are printed and a value of 2 means that full tracing information is printed.</p>
</td></tr>
</table>


<h3>Details</h3>

<p>This function fits a parametric Weibull baseline hazard frailty model with gamma distributed frailties for the udder quarter infection data taking into consideration the interval censored nature of the data. Further theoretical details can be found in the paper in the reference
</p>


<h3>Value</h3>

<p>Returns a list with the NLM result in <code>nlm</code> and the covariance matrix in <code>covmat</code>.
</p>


<h3>R Code for Model </h3>

<p>The source R code for this model can found:
</p>

<ul>
<li><p> in the <code>doc/Models_R_Code.R</code> file in the package installation folder.
</p>
</li>
<li><p> by accessing the function by calling <code>Gamma_Frailty_Interval_Censoring</code> (without brackets) or <code>getAnywhere("Gamma_Frailty_Interval_Censoring")</code>.
</p>
</li></ul>



<h3>Author(s)</h3>

<p>Klara Goethals
</p>
<p>Luc Duchateau
</p>


<h3>References</h3>

<p>Goethals, K., Ampe, B., Berkvens, D., Laevens, H., Janssen, P. and Duchateau, L. (2009). Modeling interval-censored, clustered cow udder quarter infection times through the shared gamma frailty model. Journal of Agricultural Biological and Environmental Statistics 14, 1-14.
</p>


<h3>Examples</h3>

<pre><code class='language-R'>## Not run: 
library(UdderQuarterInfectionData)
data("udderquarterinfection")

Gamma_Frailty_Interval_Censoring()
# $nlm
# $nlm$minimum
# [1] 5670.491
#
# $nlm$estimate
# [1] 3.7967246 0.1201593 1.9672298 0.8590531
#
# $nlm$gradient
# [1]  0.0002924871  0.0017653292 -0.0005460029  0.0003265086
#
# $nlm$hessian
# [,1]       [,2]      [,3]       [,4]
# [1,]   23.22965  -117.7682 -39.93813  -10.10561
# [2,] -117.76825 15471.4753 567.24283 1228.87332
# [3,]  -39.93813   567.2428 664.76359   24.63047
# [4,]  -10.10561  1228.8733  24.63047  147.76479
#
# $nlm$code
# [1] 1
#
# $nlm$iterations
# [1] 22
#
#
# $covmat
# [,1]          [,2]          [,3]         [,4]
# [1,] 0.049281911  0.0001242730  0.0027853686  0.001872592
# [2,] 0.000124273  0.0001982213 -0.0001015391 -0.001623066
# [3,] 0.002785369 -0.0001015391  0.0017306214  0.000746460
# [4,] 0.001872592 -0.0016230660  0.0007464600  0.020269244

## End(Not run)
</code></pre>

<hr>
<h2 id='udderquarterinfection'>Udder Quarter Infection Data</h2><span id='topic+udderquarterinfection'></span>

<h3>Description</h3>

<p>The udder quarter infection data contains the times to infection of the individual udder quarters of 100 cows during one lactation period.
The 'cowid' variable contains the cow number. Each cow has 4 different quarters, with the variable 'quarter' referring to the specific quarter,
i.e., RF: right front,  RR: right rear, LF: left front,  LR: left rear.
The lactation number, i.e., the number of calvings that the cow has experienced, is given by the variable 'lactation'.
If at least one infection occurs in a quarter during the lactation period, the 'status' variable is set to 1,
and the interval [t1,t2] in which an infection takes place is given by the variables 'left' and 'right',
where 'right' denotes the time with the first positive result, and 'left' the last time (with a negative result) before the first positive result.
Only the first infection is contained in the data set.
If no infection occurs, the 'status' variable is set to 1, and the last interval [t1,t2] in which the quarter was observed is put in the variables 'left' and 'right'.,
</p>
<p>The following example analyses of this data set are currently available in the package:
</p>

<ul>
<li> <p><code><a href="#topic+Gamma_Frailty_Interval_Censoring">Gamma_Frailty_Interval_Censoring</a></code>
</p>
</li></ul>



<h3>Format</h3>

<p>A dataframe with 4784 rows and 6 variables.</p>


<h3>Examples</h3>

<pre><code class='language-R'>## Not run: 
## SHORT DATASET ANALYSIS ##

library(UdderQuarterInfectionData)
data("udderquarterinfection")

Gamma_Frailty_Interval_Censoring()
# $nlm
# $nlm$minimum
# [1] 5670.491
#
# $nlm$estimate
# [1] 3.7967246 0.1201593 1.9672298 0.8590531
#
# $nlm$gradient
# [1]  0.0002924871  0.0017653292 -0.0005460029  0.0003265086
#
# $nlm$hessian
# [,1]       [,2]      [,3]       [,4]
# [1,]   23.22965  -117.7682 -39.93813  -10.10561
# [2,] -117.76825 15471.4753 567.24283 1228.87332
# [3,]  -39.93813   567.2428 664.76359   24.63047
# [4,]  -10.10561  1228.8733  24.63047  147.76479
#
# $nlm$code
# [1] 1
#
# $nlm$iterations
# [1] 22
#
#
# $covmat
# [,1]          [,2]          [,3]         [,4]
# [1,] 0.049281911  0.0001242730  0.0027853686  0.001872592
# [2,] 0.000124273  0.0001982213 -0.0001015391 -0.001623066
# [3,] 0.002785369 -0.0001015391  0.0017306214  0.000746460
# [4,] 0.001872592 -0.0016230660  0.0007464600  0.020269244

## End(Not run)
</code></pre>

</main>

</div>
<script src="https://cdnjs.cloudflare.com/ajax/libs/prism/1.29.0/prism.min.js"></script>
<script src="https://cdnjs.cloudflare.com/ajax/libs/prism/1.29.0/components/prism-r.min.js"></script>
</body></html>
